%YAML:1.0
rho: -1.6303337624867242e+00
support_vectors: !!opencv-matrix
   rows: 6
   cols: 1
   dt: d
   data: [ -1.05003337e-03, -1.25137321e-03, -8.16046493e-04, 5.88138937e-05, 3.32793541e-04, -3.76312411e-04 ]
