%YAML:1.0
model_type: KANNALA_BRANDT
camera_name: camera
image_width: 640
image_height: 480
projection_parameters:
   k2: -4.4730877251448788e-02
   k3: 1.1696184164301718e-02
   k4: -1.6576108596024739e-02
   k5: 6.3104620133477068e-03
   mu: 2.9208364925338384e+02
   mv: 2.9244640300217748e+02
   u0: 3.2557971669919482e+02
   v0: 2.4873365544413477e+02
